0 -13 -31 -31 -27 -31 -27 -13 -13 -27 -27 -13 -13 -27 -31 -27 -31 -31 -13
-13 0 -13 -31 -31 -27 -31 -27 -13 -13 -27 -27 -13 -13 -27 -31 -27 -31 -31
-31 -13 0 -13 -31 -31 -27 -31 -27 -13 -13 -27 -27 -13 -13 -27 -31 -27 -31
-31 -31 -13 0 -13 -31 -31 -27 -31 -27 -13 -13 -27 -27 -13 -13 -27 -31 -27
-27 -31 -31 -13 0 -13 -31 -31 -27 -31 -27 -13 -13 -27 -27 -13 -13 -27 -31
-31 -27 -31 -31 -13 0 -13 -31 -31 -27 -31 -27 -13 -13 -27 -27 -13 -13 -27
-27 -31 -27 -31 -31 -13 0 -13 -31 -31 -27 -31 -27 -13 -13 -27 -27 -13 -13
-13 -27 -31 -27 -31 -31 -13 0 -13 -31 -31 -27 -31 -27 -13 -13 -27 -27 -13
-13 -13 -27 -31 -27 -31 -31 -13 0 -13 -31 -31 -27 -31 -27 -13 -13 -27 -27
-27 -13 -13 -27 -31 -27 -31 -31 -13 0 -13 -31 -31 -27 -31 -27 -13 -13 -27
-27 -27 -13 -13 -27 -31 -27 -31 -31 -13 0 -13 -31 -31 -27 -31 -27 -13 -13
-13 -27 -27 -13 -13 -27 -31 -27 -31 -31 -13 0 -13 -31 -31 -27 -31 -27 -13
-13 -13 -27 -27 -13 -13 -27 -31 -27 -31 -31 -13 0 -13 -31 -31 -27 -31 -27
-27 -13 -13 -27 -27 -13 -13 -27 -31 -27 -31 -31 -13 0 -13 -31 -31 -27 -31
-31 -27 -13 -13 -27 -27 -13 -13 -27 -31 -27 -31 -31 -13 0 -13 -31 -31 -27
-27 -31 -27 -13 -13 -27 -27 -13 -13 -27 -31 -27 -31 -31 -13 0 -13 -31 -31
-31 -27 -31 -27 -13 -13 -27 -27 -13 -13 -27 -31 -27 -31 -31 -13 0 -13 -31
-31 -31 -27 -31 -27 -13 -13 -27 -27 -13 -13 -27 -31 -27 -31 -31 -13 0 -13
-13 -31 -31 -27 -31 -27 -13 -13 -27 -27 -13 -13 -27 -31 -27 -31 -31 -13 0
