0 -8 -7 -5 -5 -5 -5 -7 -8 1 -8 -7 -5 -5 -5 -5 -7 -8
-8 0 -8 -7 -5 -5 -5 -5 -7 -8 1 -8 -7 -5 -5 -5 -5 -7
-7 -8 0 -8 -7 -5 -5 -5 -5 -7 -8 1 -8 -7 -5 -5 -5 -5
-5 -7 -8 0 -8 -7 -5 -5 -5 -5 -7 -8 1 -8 -7 -5 -5 -5
-5 -5 -7 -8 0 -8 -7 -5 -5 -5 -5 -7 -8 1 -8 -7 -5 -5
-5 -5 -5 -7 -8 0 -8 -7 -5 -5 -5 -5 -7 -8 1 -8 -7 -5
-5 -5 -5 -5 -7 -8 0 -8 -7 -5 -5 -5 -5 -7 -8 1 -8 -7
-7 -5 -5 -5 -5 -7 -8 0 -8 -7 -5 -5 -5 -5 -7 -8 1 -8
-8 -7 -5 -5 -5 -5 -7 -8 0 -8 -7 -5 -5 -5 -5 -7 -8 1
1 -8 -7 -5 -5 -5 -5 -7 -8 0 -8 -7 -5 -5 -5 -5 -7 -8
-8 1 -8 -7 -5 -5 -5 -5 -7 -8 0 -8 -7 -5 -5 -5 -5 -7
-7 -8 1 -8 -7 -5 -5 -5 -5 -7 -8 0 -8 -7 -5 -5 -5 -5
-5 -7 -8 1 -8 -7 -5 -5 -5 -5 -7 -8 0 -8 -7 -5 -5 -5
-5 -5 -7 -8 1 -8 -7 -5 -5 -5 -5 -7 -8 0 -8 -7 -5 -5
-5 -5 -5 -7 -8 1 -8 -7 -5 -5 -5 -5 -7 -8 0 -8 -7 -5
-5 -5 -5 -5 -7 -8 1 -8 -7 -5 -5 -5 -5 -7 -8 0 -8 -7
-7 -5 -5 -5 -5 -7 -8 1 -8 -7 -5 -5 -5 -5 -7 -8 0 -8
-8 -7 -5 -5 -5 -5 -7 -8 1 -8 -7 -5 -5 -5 -5 -7 -8 0
