0 -7 -18 -18 -10 -7 -10 -10 -7 -10 -18 -18 -7
-7 0 -7 -18 -18 -10 -7 -10 -10 -7 -10 -18 -18
-18 -7 0 -7 -18 -18 -10 -7 -10 -10 -7 -10 -18
-18 -18 -7 0 -7 -18 -18 -10 -7 -10 -10 -7 -10
-10 -18 -18 -7 0 -7 -18 -18 -10 -7 -10 -10 -7
-7 -10 -18 -18 -7 0 -7 -18 -18 -10 -7 -10 -10
-10 -7 -10 -18 -18 -7 0 -7 -18 -18 -10 -7 -10
-10 -10 -7 -10 -18 -18 -7 0 -7 -18 -18 -10 -7
-7 -10 -10 -7 -10 -18 -18 -7 0 -7 -18 -18 -10
-10 -7 -10 -10 -7 -10 -18 -18 -7 0 -7 -18 -18
-18 -10 -7 -10 -10 -7 -10 -18 -18 -7 0 -7 -18
-18 -18 -10 -7 -10 -10 -7 -10 -18 -18 -7 0 -7
-7 -18 -18 -10 -7 -10 -10 -7 -10 -18 -18 -7 0
