0 -27478 -22664 -10976 -25676 -18552 -18552 -25676 -10976 -22664 -27478 -17939 -17939 -27478 -22664 -10976 -25676 -18552 -18552 -25676 -10976 -22664 -27478
-27478 0 -27478 -22664 -10976 -25676 -18552 -18552 -25676 -10976 -22664 -27478 -17939 -17939 -27478 -22664 -10976 -25676 -18552 -18552 -25676 -10976 -22664
-22664 -27478 0 -27478 -22664 -10976 -25676 -18552 -18552 -25676 -10976 -22664 -27478 -17939 -17939 -27478 -22664 -10976 -25676 -18552 -18552 -25676 -10976
-10976 -22664 -27478 0 -27478 -22664 -10976 -25676 -18552 -18552 -25676 -10976 -22664 -27478 -17939 -17939 -27478 -22664 -10976 -25676 -18552 -18552 -25676
-25676 -10976 -22664 -27478 0 -27478 -22664 -10976 -25676 -18552 -18552 -25676 -10976 -22664 -27478 -17939 -17939 -27478 -22664 -10976 -25676 -18552 -18552
-18552 -25676 -10976 -22664 -27478 0 -27478 -22664 -10976 -25676 -18552 -18552 -25676 -10976 -22664 -27478 -17939 -17939 -27478 -22664 -10976 -25676 -18552
-18552 -18552 -25676 -10976 -22664 -27478 0 -27478 -22664 -10976 -25676 -18552 -18552 -25676 -10976 -22664 -27478 -17939 -17939 -27478 -22664 -10976 -25676
-25676 -18552 -18552 -25676 -10976 -22664 -27478 0 -27478 -22664 -10976 -25676 -18552 -18552 -25676 -10976 -22664 -27478 -17939 -17939 -27478 -22664 -10976
-10976 -25676 -18552 -18552 -25676 -10976 -22664 -27478 0 -27478 -22664 -10976 -25676 -18552 -18552 -25676 -10976 -22664 -27478 -17939 -17939 -27478 -22664
-22664 -10976 -25676 -18552 -18552 -25676 -10976 -22664 -27478 0 -27478 -22664 -10976 -25676 -18552 -18552 -25676 -10976 -22664 -27478 -17939 -17939 -27478
-27478 -22664 -10976 -25676 -18552 -18552 -25676 -10976 -22664 -27478 0 -27478 -22664 -10976 -25676 -18552 -18552 -25676 -10976 -22664 -27478 -17939 -17939
-17939 -27478 -22664 -10976 -25676 -18552 -18552 -25676 -10976 -22664 -27478 0 -27478 -22664 -10976 -25676 -18552 -18552 -25676 -10976 -22664 -27478 -17939
-17939 -17939 -27478 -22664 -10976 -25676 -18552 -18552 -25676 -10976 -22664 -27478 0 -27478 -22664 -10976 -25676 -18552 -18552 -25676 -10976 -22664 -27478
-27478 -17939 -17939 -27478 -22664 -10976 -25676 -18552 -18552 -25676 -10976 -22664 -27478 0 -27478 -22664 -10976 -25676 -18552 -18552 -25676 -10976 -22664
-22664 -27478 -17939 -17939 -27478 -22664 -10976 -25676 -18552 -18552 -25676 -10976 -22664 -27478 0 -27478 -22664 -10976 -25676 -18552 -18552 -25676 -10976
-10976 -22664 -27478 -17939 -17939 -27478 -22664 -10976 -25676 -18552 -18552 -25676 -10976 -22664 -27478 0 -27478 -22664 -10976 -25676 -18552 -18552 -25676
-25676 -10976 -22664 -27478 -17939 -17939 -27478 -22664 -10976 -25676 -18552 -18552 -25676 -10976 -22664 -27478 0 -27478 -22664 -10976 -25676 -18552 -18552
-18552 -25676 -10976 -22664 -27478 -17939 -17939 -27478 -22664 -10976 -25676 -18552 -18552 -25676 -10976 -22664 -27478 0 -27478 -22664 -10976 -25676 -18552
-18552 -18552 -25676 -10976 -22664 -27478 -17939 -17939 -27478 -22664 -10976 -25676 -18552 -18552 -25676 -10976 -22664 -27478 0 -27478 -22664 -10976 -25676
-25676 -18552 -18552 -25676 -10976 -22664 -27478 -17939 -17939 -27478 -22664 -10976 -25676 -18552 -18552 -25676 -10976 -22664 -27478 0 -27478 -22664 -10976
-10976 -25676 -18552 -18552 -25676 -10976 -22664 -27478 -17939 -17939 -27478 -22664 -10976 -25676 -18552 -18552 -25676 -10976 -22664 -27478 0 -27478 -22664
-22664 -10976 -25676 -18552 -18552 -25676 -10976 -22664 -27478 -17939 -17939 -27478 -22664 -10976 -25676 -18552 -18552 -25676 -10976 -22664 -27478 0 -27478
-27478 -22664 -10976 -25676 -18552 -18552 -25676 -10976 -22664 -27478 -17939 -17939 -27478 -22664 -10976 -25676 -18552 -18552 -25676 -10976 -22664 -27478 0
