0 -9 -9 -5 -9 -3 -5 -9 -9 -5 -3 -9 -5 -9 -9
-9 0 -9 -9 -5 -9 -3 -5 -9 -9 -5 -3 -9 -5 -9
-9 -9 0 -9 -9 -5 -9 -3 -5 -9 -9 -5 -3 -9 -5
-5 -9 -9 0 -9 -9 -5 -9 -3 -5 -9 -9 -5 -3 -9
-9 -5 -9 -9 0 -9 -9 -5 -9 -3 -5 -9 -9 -5 -3
-3 -9 -5 -9 -9 0 -9 -9 -5 -9 -3 -5 -9 -9 -5
-5 -3 -9 -5 -9 -9 0 -9 -9 -5 -9 -3 -5 -9 -9
-9 -5 -3 -9 -5 -9 -9 0 -9 -9 -5 -9 -3 -5 -9
-9 -9 -5 -3 -9 -5 -9 -9 0 -9 -9 -5 -9 -3 -5
-5 -9 -9 -5 -3 -9 -5 -9 -9 0 -9 -9 -5 -9 -3
-3 -5 -9 -9 -5 -3 -9 -5 -9 -9 0 -9 -9 -5 -9
-9 -3 -5 -9 -9 -5 -3 -9 -5 -9 -9 0 -9 -9 -5
-5 -9 -3 -5 -9 -9 -5 -3 -9 -5 -9 -9 0 -9 -9
-9 -5 -9 -3 -5 -9 -9 -5 -3 -9 -5 -9 -9 0 -9
-9 -9 -5 -9 -3 -5 -9 -9 -5 -3 -9 -5 -9 -9 0
