0 -7 -5 -4 -4 -4 -5 -7 1 -7 -5 -4 -4 -4 -5 -7
-7 0 -7 -5 -4 -4 -4 -5 -7 1 -7 -5 -4 -4 -4 -5
-5 -7 0 -7 -5 -4 -4 -4 -5 -7 1 -7 -5 -4 -4 -4
-4 -5 -7 0 -7 -5 -4 -4 -4 -5 -7 1 -7 -5 -4 -4
-4 -4 -5 -7 0 -7 -5 -4 -4 -4 -5 -7 1 -7 -5 -4
-4 -4 -4 -5 -7 0 -7 -5 -4 -4 -4 -5 -7 1 -7 -5
-5 -4 -4 -4 -5 -7 0 -7 -5 -4 -4 -4 -5 -7 1 -7
-7 -5 -4 -4 -4 -5 -7 0 -7 -5 -4 -4 -4 -5 -7 1
1 -7 -5 -4 -4 -4 -5 -7 0 -7 -5 -4 -4 -4 -5 -7
-7 1 -7 -5 -4 -4 -4 -5 -7 0 -7 -5 -4 -4 -4 -5
-5 -7 1 -7 -5 -4 -4 -4 -5 -7 0 -7 -5 -4 -4 -4
-4 -5 -7 1 -7 -5 -4 -4 -4 -5 -7 0 -7 -5 -4 -4
-4 -4 -5 -7 1 -7 -5 -4 -4 -4 -5 -7 0 -7 -5 -4
-4 -4 -4 -5 -7 1 -7 -5 -4 -4 -4 -5 -7 0 -7 -5
-5 -4 -4 -4 -5 -7 1 -7 -5 -4 -4 -4 -5 -7 0 -7
-7 -5 -4 -4 -4 -5 -7 1 -7 -5 -4 -4 -4 -5 -7 0
