0 -1302 -831 -1222 -860 -1222 -831 -1302 -518 -518 -1302 -831 -1222 -860 -1222 -831 -1302
-1302 0 -1302 -831 -1222 -860 -1222 -831 -1302 -518 -518 -1302 -831 -1222 -860 -1222 -831
-831 -1302 0 -1302 -831 -1222 -860 -1222 -831 -1302 -518 -518 -1302 -831 -1222 -860 -1222
-1222 -831 -1302 0 -1302 -831 -1222 -860 -1222 -831 -1302 -518 -518 -1302 -831 -1222 -860
-860 -1222 -831 -1302 0 -1302 -831 -1222 -860 -1222 -831 -1302 -518 -518 -1302 -831 -1222
-1222 -860 -1222 -831 -1302 0 -1302 -831 -1222 -860 -1222 -831 -1302 -518 -518 -1302 -831
-831 -1222 -860 -1222 -831 -1302 0 -1302 -831 -1222 -860 -1222 -831 -1302 -518 -518 -1302
-1302 -831 -1222 -860 -1222 -831 -1302 0 -1302 -831 -1222 -860 -1222 -831 -1302 -518 -518
-518 -1302 -831 -1222 -860 -1222 -831 -1302 0 -1302 -831 -1222 -860 -1222 -831 -1302 -518
-518 -518 -1302 -831 -1222 -860 -1222 -831 -1302 0 -1302 -831 -1222 -860 -1222 -831 -1302
-1302 -518 -518 -1302 -831 -1222 -860 -1222 -831 -1302 0 -1302 -831 -1222 -860 -1222 -831
-831 -1302 -518 -518 -1302 -831 -1222 -860 -1222 -831 -1302 0 -1302 -831 -1222 -860 -1222
-1222 -831 -1302 -518 -518 -1302 -831 -1222 -860 -1222 -831 -1302 0 -1302 -831 -1222 -860
-860 -1222 -831 -1302 -518 -518 -1302 -831 -1222 -860 -1222 -831 -1302 0 -1302 -831 -1222
-1222 -860 -1222 -831 -1302 -518 -518 -1302 -831 -1222 -860 -1222 -831 -1302 0 -1302 -831
-831 -1222 -860 -1222 -831 -1302 -518 -518 -1302 -831 -1222 -860 -1222 -831 -1302 0 -1302
-1302 -831 -1222 -860 -1222 -831 -1302 -518 -518 -1302 -831 -1222 -860 -1222 -831 -1302 0
