0 -13 -13 -13 -8 -8 -8 -13 -13 -13 1 -13 -13 -13 -8 -8 -8 -13 -13 -13
-13 0 -13 -13 -13 -8 -8 -8 -13 -13 -13 1 -13 -13 -13 -8 -8 -8 -13 -13
-13 -13 0 -13 -13 -13 -8 -8 -8 -13 -13 -13 1 -13 -13 -13 -8 -8 -8 -13
-13 -13 -13 0 -13 -13 -13 -8 -8 -8 -13 -13 -13 1 -13 -13 -13 -8 -8 -8
-8 -13 -13 -13 0 -13 -13 -13 -8 -8 -8 -13 -13 -13 1 -13 -13 -13 -8 -8
-8 -8 -13 -13 -13 0 -13 -13 -13 -8 -8 -8 -13 -13 -13 1 -13 -13 -13 -8
-8 -8 -8 -13 -13 -13 0 -13 -13 -13 -8 -8 -8 -13 -13 -13 1 -13 -13 -13
-13 -8 -8 -8 -13 -13 -13 0 -13 -13 -13 -8 -8 -8 -13 -13 -13 1 -13 -13
-13 -13 -8 -8 -8 -13 -13 -13 0 -13 -13 -13 -8 -8 -8 -13 -13 -13 1 -13
-13 -13 -13 -8 -8 -8 -13 -13 -13 0 -13 -13 -13 -8 -8 -8 -13 -13 -13 1
1 -13 -13 -13 -8 -8 -8 -13 -13 -13 0 -13 -13 -13 -8 -8 -8 -13 -13 -13
-13 1 -13 -13 -13 -8 -8 -8 -13 -13 -13 0 -13 -13 -13 -8 -8 -8 -13 -13
-13 -13 1 -13 -13 -13 -8 -8 -8 -13 -13 -13 0 -13 -13 -13 -8 -8 -8 -13
-13 -13 -13 1 -13 -13 -13 -8 -8 -8 -13 -13 -13 0 -13 -13 -13 -8 -8 -8
-8 -13 -13 -13 1 -13 -13 -13 -8 -8 -8 -13 -13 -13 0 -13 -13 -13 -8 -8
-8 -8 -13 -13 -13 1 -13 -13 -13 -8 -8 -8 -13 -13 -13 0 -13 -13 -13 -8
-8 -8 -8 -13 -13 -13 1 -13 -13 -13 -8 -8 -8 -13 -13 -13 0 -13 -13 -13
-13 -8 -8 -8 -13 -13 -13 1 -13 -13 -13 -8 -8 -8 -13 -13 -13 0 -13 -13
-13 -13 -8 -8 -8 -13 -13 -13 1 -13 -13 -13 -8 -8 -8 -13 -13 -13 0 -13
-13 -13 -13 -8 -8 -8 -13 -13 -13 1 -13 -13 -13 -8 -8 -8 -13 -13 -13 0
